          10   1.0000000000000000        1.0000000000000000        9.9999999999999995E-008   0.0000000000000000     
          10   1.0000000000000000        2.0000000000000000        9.9999999999999995E-008  0.58999997377395630     
          10   1.0000000000000000        4.0000000000000000        9.9999999999999995E-008  0.97142857313156128     
          10   1.0000000000000000        8.0000000000000000        9.9999999999999995E-008   1.0000000000000000     
          10   1.0000000000000000        16.000000000000000        9.9999999999999995E-008   1.0000000000000000     
          10   1.0000000000000000        32.000000000000000        9.9999999999999995E-008   1.0000000000000000     
          10   1.0000000000000000        64.000000000000000        9.9999999999999995E-008   1.0000000000000000     
          10   1.0000000000000000        128.00000000000000        9.9999999999999995E-008   1.0000000000000000     
          10   1.0000000000000000        1.0000000000000000        9.9999999999999995E-007   0.0000000000000000     
          10   1.0000000000000000        2.0000000000000000        9.9999999999999995E-007  0.58285713195800781     
          10   1.0000000000000000        4.0000000000000000        9.9999999999999995E-007  0.97571426630020142     
          10   1.0000000000000000        8.0000000000000000        9.9999999999999995E-007  0.99857145547866821     
          10   1.0000000000000000        16.000000000000000        9.9999999999999995E-007   1.0000000000000000     
          10   1.0000000000000000        32.000000000000000        9.9999999999999995E-007   1.0000000000000000     
          10   1.0000000000000000        64.000000000000000        9.9999999999999995E-007   1.0000000000000000     
          10   1.0000000000000000        128.00000000000000        9.9999999999999995E-007   1.0000000000000000     
          10   1.0000000000000000        1.0000000000000000        9.9999999999999991E-006   0.0000000000000000     
          10   1.0000000000000000        2.0000000000000000        9.9999999999999991E-006  0.57571429014205933     
          10   1.0000000000000000        4.0000000000000000        9.9999999999999991E-006  0.98142856359481812     
          10   1.0000000000000000        8.0000000000000000        9.9999999999999991E-006   1.0000000000000000     
          10   1.0000000000000000        16.000000000000000        9.9999999999999991E-006   1.0000000000000000     
          10   1.0000000000000000        32.000000000000000        9.9999999999999991E-006   1.0000000000000000     
          10   1.0000000000000000        64.000000000000000        9.9999999999999991E-006   1.0000000000000000     
          10   1.0000000000000000        128.00000000000000        9.9999999999999991E-006   1.0000000000000000     
          10   1.0000000000000000        1.0000000000000000        9.9999999999999991E-005   0.0000000000000000     
          10   1.0000000000000000        2.0000000000000000        9.9999999999999991E-005  0.56428569555282593     
          10   1.0000000000000000        4.0000000000000000        9.9999999999999991E-005  0.96857142448425293     
          10   1.0000000000000000        8.0000000000000000        9.9999999999999991E-005   1.0000000000000000     
          10   1.0000000000000000        16.000000000000000        9.9999999999999991E-005   1.0000000000000000     
          10   1.0000000000000000        32.000000000000000        9.9999999999999991E-005   1.0000000000000000     
          10   1.0000000000000000        64.000000000000000        9.9999999999999991E-005   1.0000000000000000     
          10   1.0000000000000000        128.00000000000000        9.9999999999999991E-005   1.0000000000000000     
          10   1.0000000000000000        1.0000000000000000        1.0000000000000000E-003   0.0000000000000000     
          10   1.0000000000000000        2.0000000000000000        1.0000000000000000E-003  0.60428571701049805     
          10   1.0000000000000000        4.0000000000000000        1.0000000000000000E-003  0.97571426630020142     
          10   1.0000000000000000        8.0000000000000000        1.0000000000000000E-003  0.99857145547866821     
