          10   1.0000000000000000        1.0000000000000000        0.0000000000000000        0.0000000000000000     
          10   1.0000000000000000        2.0000000000000000        0.0000000000000000       0.62000000476837158     
          10   1.0000000000000000        4.0000000000000000        0.0000000000000000       0.97000002861022949     
          10   1.0000000000000000        8.0000000000000000        0.0000000000000000        1.0000000000000000     
          10   1.0000000000000000        16.000000000000000        0.0000000000000000        1.0000000000000000     
          10   1.0000000000000000        32.000000000000000        0.0000000000000000        1.0000000000000000     
          10   1.0000000000000000        64.000000000000000        0.0000000000000000        1.0000000000000000     
          10   1.0000000000000000        128.00000000000000        0.0000000000000000        1.0000000000000000     
          10   1.0000000000000000        1.0000000000000000       0.50000000000000000        0.0000000000000000     
          10   1.0000000000000000        2.0000000000000000       0.50000000000000000       0.87000000476837158     
          10   1.0000000000000000        4.0000000000000000       0.50000000000000000       0.99000000953674316     
          10   1.0000000000000000        8.0000000000000000       0.50000000000000000        1.0000000000000000     
          10   1.0000000000000000        16.000000000000000       0.50000000000000000        1.0000000000000000     
          10   1.0000000000000000        32.000000000000000       0.50000000000000000        1.0000000000000000     
          10   1.0000000000000000        64.000000000000000       0.50000000000000000        1.0000000000000000     
          10   1.0000000000000000        128.00000000000000       0.50000000000000000        1.0000000000000000     
