          10   1.0000000000000000        1.0000000000000000        9.9999999999999995E-008   0.0000000000000000     
          10   1.0000000000000000        2.0000000000000000        9.9999999999999995E-008  0.61000001430511475     
          10   1.0000000000000000        4.0000000000000000        9.9999999999999995E-008  0.95999997854232788     
          10   1.0000000000000000        8.0000000000000000        9.9999999999999995E-008  0.99000000953674316     
          10   1.0000000000000000        16.000000000000000        9.9999999999999995E-008   1.0000000000000000     
          10   1.0000000000000000        32.000000000000000        9.9999999999999995E-008   1.0000000000000000     
          10   1.0000000000000000        64.000000000000000        9.9999999999999995E-008   1.0000000000000000     
          10   1.0000000000000000        128.00000000000000        9.9999999999999995E-008   1.0000000000000000     
          10   1.0000000000000000        1.0000000000000000        9.9999999999999995E-007   0.0000000000000000     
          10   1.0000000000000000        2.0000000000000000        9.9999999999999995E-007  0.56000000238418579     
          10   1.0000000000000000        4.0000000000000000        9.9999999999999995E-007  0.98000001907348633     
          10   1.0000000000000000        8.0000000000000000        9.9999999999999995E-007   1.0000000000000000     
          10   1.0000000000000000        16.000000000000000        9.9999999999999995E-007   1.0000000000000000     
          10   1.0000000000000000        32.000000000000000        9.9999999999999995E-007   1.0000000000000000     
          10   1.0000000000000000        64.000000000000000        9.9999999999999995E-007   1.0000000000000000     
          10   1.0000000000000000        128.00000000000000        9.9999999999999995E-007   1.0000000000000000     
          10   1.0000000000000000        1.0000000000000000        9.9999999999999991E-006   0.0000000000000000     
          10   1.0000000000000000        2.0000000000000000        9.9999999999999991E-006  0.56999999284744263     
          10   1.0000000000000000        4.0000000000000000        9.9999999999999991E-006  0.94999998807907104     
          10   1.0000000000000000        8.0000000000000000        9.9999999999999991E-006   1.0000000000000000     
          10   1.0000000000000000        16.000000000000000        9.9999999999999991E-006   1.0000000000000000     
          10   1.0000000000000000        32.000000000000000        9.9999999999999991E-006   1.0000000000000000     
          10   1.0000000000000000        64.000000000000000        9.9999999999999991E-006   1.0000000000000000     
          10   1.0000000000000000        128.00000000000000        9.9999999999999991E-006   1.0000000000000000     
          10   1.0000000000000000        1.0000000000000000        9.9999999999999991E-005   0.0000000000000000     
          10   1.0000000000000000        2.0000000000000000        9.9999999999999991E-005  0.56999999284744263     
          10   1.0000000000000000        4.0000000000000000        9.9999999999999991E-005  0.97000002861022949     
          10   1.0000000000000000        8.0000000000000000        9.9999999999999991E-005   1.0000000000000000     
          10   1.0000000000000000        16.000000000000000        9.9999999999999991E-005   1.0000000000000000     
          10   1.0000000000000000        32.000000000000000        9.9999999999999991E-005   1.0000000000000000     
          10   1.0000000000000000        64.000000000000000        9.9999999999999991E-005   1.0000000000000000     
          10   1.0000000000000000        128.00000000000000        9.9999999999999991E-005   1.0000000000000000     
          10   1.0000000000000000        1.0000000000000000        1.0000000000000000E-003   0.0000000000000000     
          10   1.0000000000000000        2.0000000000000000        1.0000000000000000E-003  0.61000001430511475     
          10   1.0000000000000000        4.0000000000000000        1.0000000000000000E-003   1.0000000000000000     
          10   1.0000000000000000        8.0000000000000000        1.0000000000000000E-003   1.0000000000000000     
          10   1.0000000000000000        16.000000000000000        1.0000000000000000E-003   1.0000000000000000     
          10   1.0000000000000000        32.000000000000000        1.0000000000000000E-003   1.0000000000000000     
          10   1.0000000000000000        64.000000000000000        1.0000000000000000E-003   1.0000000000000000     
          10   1.0000000000000000        128.00000000000000        1.0000000000000000E-003   1.0000000000000000     
          10   1.0000000000000000        1.0000000000000000        1.0000000000000000E-002   0.0000000000000000     
          10   1.0000000000000000        2.0000000000000000        1.0000000000000000E-002  0.70999997854232788     
          10   1.0000000000000000        4.0000000000000000        1.0000000000000000E-002  0.98000001907348633     
          10   1.0000000000000000        8.0000000000000000        1.0000000000000000E-002   1.0000000000000000     
          10   1.0000000000000000        16.000000000000000        1.0000000000000000E-002   1.0000000000000000     
          10   1.0000000000000000        32.000000000000000        1.0000000000000000E-002   1.0000000000000000     
          10   1.0000000000000000        64.000000000000000        1.0000000000000000E-002   1.0000000000000000     
          10   1.0000000000000000        128.00000000000000        1.0000000000000000E-002   1.0000000000000000     
          10   1.0000000000000000        1.0000000000000000       0.10000000000000001        0.0000000000000000     
          10   1.0000000000000000        2.0000000000000000       0.10000000000000001       0.82999998331069946     
          10   1.0000000000000000        4.0000000000000000       0.10000000000000001       0.99000000953674316     
          10   1.0000000000000000        8.0000000000000000       0.10000000000000001        1.0000000000000000     
          10   1.0000000000000000        16.000000000000000       0.10000000000000001        1.0000000000000000     
          10   1.0000000000000000        32.000000000000000       0.10000000000000001        1.0000000000000000     
          10   1.0000000000000000        64.000000000000000       0.10000000000000001        1.0000000000000000     
          10   1.0000000000000000        128.00000000000000       0.10000000000000001        1.0000000000000000     
