          10   1.0000000000000000        1.0000000000000000        0.0000000000000000        0.0000000000000000     
          10   1.0000000000000000        1.1000000014901161        0.0000000000000000        0.0000000000000000     
          10   1.0000000000000000        1.2000000029802322        0.0000000000000000        0.0000000000000000     
          10   1.0000000000000000        1.3000000044703484        0.0000000000000000        0.0000000000000000     
          10   1.0000000000000000        1.4000000059604645        0.0000000000000000        0.0000000000000000     
          10   1.0000000000000000        1.5000000074505806        0.0000000000000000        0.0000000000000000     
          10   1.0000000000000000        1.6000000089406967        0.0000000000000000        0.0000000000000000     
          10   1.0000000000000000        1.7000000104308128        0.0000000000000000       0.10999999940395355     
          10   1.0000000000000000        1.8000000119209290        0.0000000000000000       0.25000000000000000     
          10   1.0000000000000000        1.9000000134110451        0.0000000000000000       0.37999999523162842     
          10   1.0000000000000000        2.0000000149011612        0.0000000000000000       0.37000000476837158     
          10   1.0000000000000000        2.1000000163912773        0.0000000000000000       0.37000000476837158     
          10   1.0000000000000000        2.2000000178813934        0.0000000000000000       0.37999999523162842     
          10   1.0000000000000000        2.3000000193715096        0.0000000000000000       0.40000000596046448     
          10   1.0000000000000000        2.4000000208616257        0.0000000000000000       0.47999998927116394     
          10   1.0000000000000000        2.5000000223517418        0.0000000000000000       0.56000000238418579     
          10   1.0000000000000000        2.6000000238418579        0.0000000000000000       0.46999999880790710     
          10   1.0000000000000000        2.7000000253319740        0.0000000000000000       0.56999999284744263     
          10   1.0000000000000000        2.8000000268220901        0.0000000000000000       0.49000000953674316     
          10   1.0000000000000000        2.9000000283122063        0.0000000000000000       0.50999999046325684     
          10   1.0000000000000000        1.0000000000000000       0.50000000000000000        0.0000000000000000     
          10   1.0000000000000000        1.1000000014901161       0.50000000000000000        0.0000000000000000     
          10   1.0000000000000000        1.2000000029802322       0.50000000000000000        0.0000000000000000     
          10   1.0000000000000000        1.3000000044703484       0.50000000000000000        0.0000000000000000     
          10   1.0000000000000000        1.4000000059604645       0.50000000000000000        0.0000000000000000     
          10   1.0000000000000000        1.5000000074505806       0.50000000000000000       0.56000000238418579     
          10   1.0000000000000000        1.6000000089406967       0.50000000000000000       0.62999999523162842     
          10   1.0000000000000000        1.7000000104308128       0.50000000000000000       0.55000001192092896     
          10   1.0000000000000000        1.8000000119209290       0.50000000000000000       0.62999999523162842     
          10   1.0000000000000000        1.9000000134110451       0.50000000000000000       0.56999999284744263     
          10   1.0000000000000000        2.0000000149011612       0.50000000000000000       0.60000002384185791     
          10   1.0000000000000000        2.1000000163912773       0.50000000000000000       0.64999997615814209     
          10   1.0000000000000000        2.2000000178813934       0.50000000000000000       0.61000001430511475     
          10   1.0000000000000000        2.3000000193715096       0.50000000000000000       0.62000000476837158     
          10   1.0000000000000000        2.4000000208616257       0.50000000000000000       0.56000000238418579     
          10   1.0000000000000000        2.5000000223517418       0.50000000000000000       0.62000000476837158     
          10   1.0000000000000000        2.6000000238418579       0.50000000000000000       0.62000000476837158     
          10   1.0000000000000000        2.7000000253319740       0.50000000000000000       0.68000000715255737     
          10   1.0000000000000000        2.8000000268220901       0.50000000000000000       0.58999997377395630     
          10   1.0000000000000000        2.9000000283122063       0.50000000000000000       0.60000002384185791     
