          10   1.0000000000000000        1.0000000000000000        9.9999999999999995E-008   0.0000000000000000     
          10   1.0000000000000000        1.1000000014901161        9.9999999999999995E-008   0.0000000000000000     
          10   1.0000000000000000        1.2000000029802322        9.9999999999999995E-008   0.0000000000000000     
          10   1.0000000000000000        1.3000000044703484        9.9999999999999995E-008   0.0000000000000000     
          10   1.0000000000000000        1.4000000059604645        9.9999999999999995E-008   0.0000000000000000     
          10   1.0000000000000000        1.5000000074505806        9.9999999999999995E-008   0.0000000000000000     
          10   1.0000000000000000        1.6000000089406967        9.9999999999999995E-008   0.0000000000000000     
          10   1.0000000000000000        1.7000000104308128        9.9999999999999995E-008  0.12999999523162842     
          10   1.0000000000000000        1.8000000119209290        9.9999999999999995E-008  0.28000000119209290     
          10   1.0000000000000000        1.9000000134110451        9.9999999999999995E-008  0.46000000834465027     
          10   1.0000000000000000        2.0000000149011612        9.9999999999999995E-008  0.37000000476837158     
          10   1.0000000000000000        2.1000000163912773        9.9999999999999995E-008  0.37000000476837158     
          10   1.0000000000000000        2.2000000178813934        9.9999999999999995E-008  0.34999999403953552     
          10   1.0000000000000000        2.3000000193715096        9.9999999999999995E-008  0.34000000357627869     
          10   1.0000000000000000        2.4000000208616257        9.9999999999999995E-008  0.46000000834465027     
          10   1.0000000000000000        2.5000000223517418        9.9999999999999995E-008  0.50999999046325684     
          10   1.0000000000000000        2.6000000238418579        9.9999999999999995E-008  0.56999999284744263     
          10   1.0000000000000000        2.7000000253319740        9.9999999999999995E-008  0.56000000238418579     
          10   1.0000000000000000        2.8000000268220901        9.9999999999999995E-008  0.55000001192092896     
          10   1.0000000000000000        2.9000000283122063        9.9999999999999995E-008  0.56999999284744263     
          10   1.0000000000000000        1.0000000000000000        9.9999999999999995E-007   0.0000000000000000     
          10   1.0000000000000000        1.1000000014901161        9.9999999999999995E-007   0.0000000000000000     
          10   1.0000000000000000        1.2000000029802322        9.9999999999999995E-007   0.0000000000000000     
          10   1.0000000000000000        1.3000000044703484        9.9999999999999995E-007   0.0000000000000000     
          10   1.0000000000000000        1.4000000059604645        9.9999999999999995E-007   0.0000000000000000     
          10   1.0000000000000000        1.5000000074505806        9.9999999999999995E-007   0.0000000000000000     
          10   1.0000000000000000        1.6000000089406967        9.9999999999999995E-007   0.0000000000000000     
          10   1.0000000000000000        1.7000000104308128        9.9999999999999995E-007   9.0000003576278687E-002
          10   1.0000000000000000        1.8000000119209290        9.9999999999999995E-007  0.27000001072883606     
          10   1.0000000000000000        1.9000000134110451        9.9999999999999995E-007  0.40999999642372131     
          10   1.0000000000000000        2.0000000149011612        9.9999999999999995E-007  0.36000001430511475     
          10   1.0000000000000000        2.1000000163912773        9.9999999999999995E-007  0.36000001430511475     
          10   1.0000000000000000        2.2000000178813934        9.9999999999999995E-007  0.34000000357627869     
          10   1.0000000000000000        2.3000000193715096        9.9999999999999995E-007  0.36000001430511475     
          10   1.0000000000000000        2.4000000208616257        9.9999999999999995E-007  0.44999998807907104     
          10   1.0000000000000000        2.5000000223517418        9.9999999999999995E-007  0.62999999523162842     
          10   1.0000000000000000        2.6000000238418579        9.9999999999999995E-007  0.64999997615814209     
          10   1.0000000000000000        2.7000000253319740        9.9999999999999995E-007  0.50999999046325684     
          10   1.0000000000000000        2.8000000268220901        9.9999999999999995E-007  0.60000002384185791     
          10   1.0000000000000000        2.9000000283122063        9.9999999999999995E-007  0.57999998331069946     
          10   1.0000000000000000        1.0000000000000000        9.9999999999999991E-006   0.0000000000000000     
          10   1.0000000000000000        1.1000000014901161        9.9999999999999991E-006   0.0000000000000000     
          10   1.0000000000000000        1.2000000029802322        9.9999999999999991E-006   0.0000000000000000     
          10   1.0000000000000000        1.3000000044703484        9.9999999999999991E-006   0.0000000000000000     
          10   1.0000000000000000        1.4000000059604645        9.9999999999999991E-006   0.0000000000000000     
          10   1.0000000000000000        1.5000000074505806        9.9999999999999991E-006   0.0000000000000000     
          10   1.0000000000000000        1.6000000089406967        9.9999999999999991E-006   0.0000000000000000     
          10   1.0000000000000000        1.7000000104308128        9.9999999999999991E-006  0.11999999731779099     
          10   1.0000000000000000        1.8000000119209290        9.9999999999999991E-006  0.27000001072883606     
          10   1.0000000000000000        1.9000000134110451        9.9999999999999991E-006  0.38999998569488525     
          10   1.0000000000000000        2.0000000149011612        9.9999999999999991E-006  0.33000001311302185     
          10   1.0000000000000000        2.1000000163912773        9.9999999999999991E-006  0.34999999403953552     
          10   1.0000000000000000        2.2000000178813934        9.9999999999999991E-006  0.37000000476837158     
          10   1.0000000000000000        2.3000000193715096        9.9999999999999991E-006  0.43999999761581421     
          10   1.0000000000000000        2.4000000208616257        9.9999999999999991E-006  0.49000000953674316     
          10   1.0000000000000000        2.5000000223517418        9.9999999999999991E-006  0.56000000238418579     
          10   1.0000000000000000        2.6000000238418579        9.9999999999999991E-006  0.52999997138977051     
          10   1.0000000000000000        2.7000000253319740        9.9999999999999991E-006  0.54000002145767212     
          10   1.0000000000000000        2.8000000268220901        9.9999999999999991E-006  0.50999999046325684     
          10   1.0000000000000000        2.9000000283122063        9.9999999999999991E-006  0.57999998331069946     
          10   1.0000000000000000        1.0000000000000000        9.9999999999999991E-005   0.0000000000000000     
          10   1.0000000000000000        1.1000000014901161        9.9999999999999991E-005   0.0000000000000000     
          10   1.0000000000000000        1.2000000029802322        9.9999999999999991E-005   0.0000000000000000     
          10   1.0000000000000000        1.3000000044703484        9.9999999999999991E-005   0.0000000000000000     
          10   1.0000000000000000        1.4000000059604645        9.9999999999999991E-005   0.0000000000000000     
          10   1.0000000000000000        1.5000000074505806        9.9999999999999991E-005   5.0000000745058060E-002
          10   1.0000000000000000        1.6000000089406967        9.9999999999999991E-005   2.9999999329447746E-002
          10   1.0000000000000000        1.7000000104308128        9.9999999999999991E-005   9.0000003576278687E-002
          10   1.0000000000000000        1.8000000119209290        9.9999999999999991E-005  0.36000001430511475     
          10   1.0000000000000000        1.9000000134110451        9.9999999999999991E-005  0.40000000596046448     
          10   1.0000000000000000        2.0000000149011612        9.9999999999999991E-005  0.30000001192092896     
          10   1.0000000000000000        2.1000000163912773        9.9999999999999991E-005  0.31999999284744263     
          10   1.0000000000000000        2.2000000178813934        9.9999999999999991E-005  0.41999998688697815     
          10   1.0000000000000000        2.3000000193715096        9.9999999999999991E-005  0.43000000715255737     
          10   1.0000000000000000        2.4000000208616257        9.9999999999999991E-005  0.41999998688697815     
          10   1.0000000000000000        2.5000000223517418        9.9999999999999991E-005  0.52999997138977051     
          10   1.0000000000000000        2.6000000238418579        9.9999999999999991E-005  0.50000000000000000     
          10   1.0000000000000000        2.7000000253319740        9.9999999999999991E-005  0.60000002384185791     
          10   1.0000000000000000        2.8000000268220901        9.9999999999999991E-005  0.52999997138977051     
          10   1.0000000000000000        2.9000000283122063        9.9999999999999991E-005  0.52999997138977051     
          10   1.0000000000000000        1.0000000000000000        1.0000000000000000E-003   0.0000000000000000     
          10   1.0000000000000000        1.1000000014901161        1.0000000000000000E-003   0.0000000000000000     
          10   1.0000000000000000        1.2000000029802322        1.0000000000000000E-003   0.0000000000000000     
          10   1.0000000000000000        1.3000000044703484        1.0000000000000000E-003   0.0000000000000000     
          10   1.0000000000000000        1.4000000059604645        1.0000000000000000E-003   0.0000000000000000     
          10   1.0000000000000000        1.5000000074505806        1.0000000000000000E-003  0.17000000178813934     
          10   1.0000000000000000        1.6000000089406967        1.0000000000000000E-003  0.15999999642372131     
          10   1.0000000000000000        1.7000000104308128        1.0000000000000000E-003  0.20999999344348907     
          10   1.0000000000000000        1.8000000119209290        1.0000000000000000E-003  0.28000000119209290     
          10   1.0000000000000000        1.9000000134110451        1.0000000000000000E-003  0.30000001192092896     
          10   1.0000000000000000        2.0000000149011612        1.0000000000000000E-003  0.34999999403953552     
          10   1.0000000000000000        2.1000000163912773        1.0000000000000000E-003  0.34000000357627869     
          10   1.0000000000000000        2.2000000178813934        1.0000000000000000E-003  0.30000001192092896     
          10   1.0000000000000000        2.3000000193715096        1.0000000000000000E-003  0.43999999761581421     
          10   1.0000000000000000        2.4000000208616257        1.0000000000000000E-003  0.40000000596046448     
          10   1.0000000000000000        2.5000000223517418        1.0000000000000000E-003  0.55000001192092896     
          10   1.0000000000000000        2.6000000238418579        1.0000000000000000E-003  0.52999997138977051     
          10   1.0000000000000000        2.7000000253319740        1.0000000000000000E-003  0.50999999046325684     
          10   1.0000000000000000        2.8000000268220901        1.0000000000000000E-003  0.58999997377395630     
          10   1.0000000000000000        2.9000000283122063        1.0000000000000000E-003  0.51999998092651367     
          10   1.0000000000000000        1.0000000000000000        1.0000000000000000E-002   0.0000000000000000     
          10   1.0000000000000000        1.1000000014901161        1.0000000000000000E-002   0.0000000000000000     
          10   1.0000000000000000        1.2000000029802322        1.0000000000000000E-002   0.0000000000000000     
          10   1.0000000000000000        1.3000000044703484        1.0000000000000000E-002   0.0000000000000000     
          10   1.0000000000000000        1.4000000059604645        1.0000000000000000E-002   0.0000000000000000     
          10   1.0000000000000000        1.5000000074505806        1.0000000000000000E-002  0.31999999284744263     
          10   1.0000000000000000        1.6000000089406967        1.0000000000000000E-002  0.31000000238418579     
          10   1.0000000000000000        1.7000000104308128        1.0000000000000000E-002  0.36000001430511475     
          10   1.0000000000000000        1.8000000119209290        1.0000000000000000E-002  0.40999999642372131     
          10   1.0000000000000000        1.9000000134110451        1.0000000000000000E-002  0.33000001311302185     
          10   1.0000000000000000        2.0000000149011612        1.0000000000000000E-002  0.43999999761581421     
          10   1.0000000000000000        2.1000000163912773        1.0000000000000000E-002  0.47999998927116394     
          10   1.0000000000000000        2.2000000178813934        1.0000000000000000E-002  0.46000000834465027     
          10   1.0000000000000000        2.3000000193715096        1.0000000000000000E-002  0.46999999880790710     
          10   1.0000000000000000        2.4000000208616257        1.0000000000000000E-002  0.49000000953674316     
          10   1.0000000000000000        2.5000000223517418        1.0000000000000000E-002  0.50000000000000000     
          10   1.0000000000000000        2.6000000238418579        1.0000000000000000E-002  0.54000002145767212     
          10   1.0000000000000000        2.7000000253319740        1.0000000000000000E-002  0.52999997138977051     
          10   1.0000000000000000        2.8000000268220901        1.0000000000000000E-002  0.62000000476837158     
          10   1.0000000000000000        2.9000000283122063        1.0000000000000000E-002  0.62999999523162842     
          10   1.0000000000000000        1.0000000000000000       0.10000000000000001        0.0000000000000000     
          10   1.0000000000000000        1.1000000014901161       0.10000000000000001        0.0000000000000000     
          10   1.0000000000000000        1.2000000029802322       0.10000000000000001        0.0000000000000000     
          10   1.0000000000000000        1.3000000044703484       0.10000000000000001        0.0000000000000000     
          10   1.0000000000000000        1.4000000059604645       0.10000000000000001        0.0000000000000000     
          10   1.0000000000000000        1.5000000074505806       0.10000000000000001       0.47999998927116394     
          10   1.0000000000000000        1.6000000089406967       0.10000000000000001       0.49000000953674316     
          10   1.0000000000000000        1.7000000104308128       0.10000000000000001       0.54000002145767212     
          10   1.0000000000000000        1.8000000119209290       0.10000000000000001       0.50000000000000000     
          10   1.0000000000000000        1.9000000134110451       0.10000000000000001       0.62999999523162842     
          10   1.0000000000000000        2.0000000149011612       0.10000000000000001       0.61000001430511475     
          10   1.0000000000000000        2.1000000163912773       0.10000000000000001       0.61000001430511475     
          10   1.0000000000000000        2.2000000178813934       0.10000000000000001       0.52999997138977051     
          10   1.0000000000000000        2.3000000193715096       0.10000000000000001       0.52999997138977051     
          10   1.0000000000000000        2.4000000208616257       0.10000000000000001       0.56000000238418579     
          10   1.0000000000000000        2.5000000223517418       0.10000000000000001       0.57999998331069946     
          10   1.0000000000000000        2.6000000238418579       0.10000000000000001       0.60000002384185791     
          10   1.0000000000000000        2.7000000253319740       0.10000000000000001       0.58999997377395630     
          10   1.0000000000000000        2.8000000268220901       0.10000000000000001       0.56999999284744263     
          10   1.0000000000000000        2.9000000283122063       0.10000000000000001       0.64999997615814209     
