          10   1.0000000000000000        1.0000000000000000        9.9999999999999995E-008   0.0000000000000000     
          10   1.0000000000000000        2.0000000000000000        9.9999999999999995E-008  0.50999999046325684     
          10   1.0000000000000000        4.0000000000000000        9.9999999999999995E-008  0.60000002384185791     
          10   1.0000000000000000        8.0000000000000000        9.9999999999999995E-008  0.66000002622604370     
          10   1.0000000000000000        16.000000000000000        9.9999999999999995E-008  0.61000001430511475     
          10   1.0000000000000000        32.000000000000000        9.9999999999999995E-008  0.64999997615814209     
          10   1.0000000000000000        64.000000000000000        9.9999999999999995E-008  0.56999999284744263     
          10   1.0000000000000000        128.00000000000000        9.9999999999999995E-008  0.60000002384185791     
          10   1.0000000000000000        1.0000000000000000        9.9999999999999995E-007   0.0000000000000000     
          10   1.0000000000000000        2.0000000000000000        9.9999999999999995E-007  0.28999999165534973     
          10   1.0000000000000000        4.0000000000000000        9.9999999999999995E-007  0.50999999046325684     
          10   1.0000000000000000        8.0000000000000000        9.9999999999999995E-007  0.64999997615814209     
          10   1.0000000000000000        16.000000000000000        9.9999999999999995E-007  0.60000002384185791     
          10   1.0000000000000000        32.000000000000000        9.9999999999999995E-007  0.58999997377395630     
          10   1.0000000000000000        64.000000000000000        9.9999999999999995E-007  0.68000000715255737     
          10   1.0000000000000000        128.00000000000000        9.9999999999999995E-007  0.63999998569488525     
          10   1.0000000000000000        1.0000000000000000        9.9999999999999991E-006   0.0000000000000000     
          10   1.0000000000000000        2.0000000000000000        9.9999999999999991E-006  0.31000000238418579     
          10   1.0000000000000000        4.0000000000000000        9.9999999999999991E-006  0.61000001430511475     
          10   1.0000000000000000        8.0000000000000000        9.9999999999999991E-006  0.61000001430511475     
          10   1.0000000000000000        16.000000000000000        9.9999999999999991E-006  0.58999997377395630     
          10   1.0000000000000000        32.000000000000000        9.9999999999999991E-006  0.68000000715255737     
          10   1.0000000000000000        64.000000000000000        9.9999999999999991E-006  0.56999999284744263     
          10   1.0000000000000000        128.00000000000000        9.9999999999999991E-006  0.64999997615814209     
          10   1.0000000000000000        1.0000000000000000        9.9999999999999991E-005   0.0000000000000000     
          10   1.0000000000000000        2.0000000000000000        9.9999999999999991E-005  0.37999999523162842     
          10   1.0000000000000000        4.0000000000000000        9.9999999999999991E-005  0.60000002384185791     
          10   1.0000000000000000        8.0000000000000000        9.9999999999999991E-005  0.58999997377395630     
          10   1.0000000000000000        16.000000000000000        9.9999999999999991E-005  0.49000000953674316     
          10   1.0000000000000000        32.000000000000000        9.9999999999999991E-005  0.70999997854232788     
          10   1.0000000000000000        64.000000000000000        9.9999999999999991E-005  0.64999997615814209     
          10   1.0000000000000000        128.00000000000000        9.9999999999999991E-005  0.64999997615814209     
          10   1.0000000000000000        1.0000000000000000        1.0000000000000000E-003   0.0000000000000000     
          10   1.0000000000000000        2.0000000000000000        1.0000000000000000E-003  0.34000000357627869     
          10   1.0000000000000000        4.0000000000000000        1.0000000000000000E-003  0.52999997138977051     
          10   1.0000000000000000        8.0000000000000000        1.0000000000000000E-003  0.62999999523162842     
          10   1.0000000000000000        16.000000000000000        1.0000000000000000E-003  0.50000000000000000     
          10   1.0000000000000000        32.000000000000000        1.0000000000000000E-003  0.58999997377395630     
          10   1.0000000000000000        64.000000000000000        1.0000000000000000E-003  0.62999999523162842     
          10   1.0000000000000000        128.00000000000000        1.0000000000000000E-003  0.62999999523162842     
          10   1.0000000000000000        1.0000000000000000        1.0000000000000000E-002   0.0000000000000000     
          10   1.0000000000000000        2.0000000000000000        1.0000000000000000E-002  0.34000000357627869     
          10   1.0000000000000000        4.0000000000000000        1.0000000000000000E-002  0.58999997377395630     
          10   1.0000000000000000        8.0000000000000000        1.0000000000000000E-002  0.64999997615814209     
          10   1.0000000000000000        16.000000000000000        1.0000000000000000E-002  0.63999998569488525     
          10   1.0000000000000000        32.000000000000000        1.0000000000000000E-002  0.66000002622604370     
          10   1.0000000000000000        64.000000000000000        1.0000000000000000E-002  0.62000000476837158     
          10   1.0000000000000000        128.00000000000000        1.0000000000000000E-002  0.50999999046325684     
          10   1.0000000000000000        1.0000000000000000       0.10000000000000001        0.0000000000000000     
          10   1.0000000000000000        2.0000000000000000       0.10000000000000001       0.56000000238418579     
          10   1.0000000000000000        4.0000000000000000       0.10000000000000001       0.58999997377395630     
          10   1.0000000000000000        8.0000000000000000       0.10000000000000001       0.57999998331069946     
          10   1.0000000000000000        16.000000000000000       0.10000000000000001       0.56999999284744263     
          10   1.0000000000000000        32.000000000000000       0.10000000000000001       0.61000001430511475     
          10   1.0000000000000000        64.000000000000000       0.10000000000000001       0.62000000476837158     
          10   1.0000000000000000        128.00000000000000       0.10000000000000001       0.62999999523162842     
