          10   1.0000000000000000        1.0000000000000000        0.0000000000000000        0.0000000000000000     
          10   1.0000000000000000        2.0000000000000000        0.0000000000000000       0.44999998807907104     
          10   1.0000000000000000        4.0000000000000000        0.0000000000000000       0.56000000238418579     
          10   1.0000000000000000        8.0000000000000000        0.0000000000000000       0.61000001430511475     
          10   1.0000000000000000        16.000000000000000        0.0000000000000000       0.61000001430511475     
          10   1.0000000000000000        32.000000000000000        0.0000000000000000       0.60000002384185791     
          10   1.0000000000000000        64.000000000000000        0.0000000000000000       0.62000000476837158     
          10   1.0000000000000000        128.00000000000000        0.0000000000000000       0.52999997138977051     
          10   1.0000000000000000        1.0000000000000000       0.50000000000000000        0.0000000000000000     
          10   1.0000000000000000        2.0000000000000000       0.50000000000000000       0.56000000238418579     
          10   1.0000000000000000        4.0000000000000000       0.50000000000000000       0.62000000476837158     
          10   1.0000000000000000        8.0000000000000000       0.50000000000000000       0.56000000238418579     
          10   1.0000000000000000        16.000000000000000       0.50000000000000000       0.52999997138977051     
          10   1.0000000000000000        32.000000000000000       0.50000000000000000       0.61000001430511475     
          10   1.0000000000000000        64.000000000000000       0.50000000000000000       0.57999998331069946     
          10   1.0000000000000000        128.00000000000000       0.50000000000000000       0.68000000715255737     
