          10   1.0000000000000000        1.0000000000000000        9.9999999999999995E-008   0.0000000000000000     
          10   1.0000000000000000        2.0000000000000000        9.9999999999999995E-008  0.34857141971588135     
          10   1.0000000000000000        4.0000000000000000        9.9999999999999995E-008  0.57285714149475098     
          10   1.0000000000000000        8.0000000000000000        9.9999999999999995E-008  0.58857142925262451     
          10   1.0000000000000000        16.000000000000000        9.9999999999999995E-008  0.57142859697341919     
          10   1.0000000000000000        32.000000000000000        9.9999999999999995E-008  0.62142854928970337     
          10   1.0000000000000000        64.000000000000000        9.9999999999999995E-008  0.56714284420013428     
          10   1.0000000000000000        128.00000000000000        9.9999999999999995E-008  0.62999999523162842     
          10   1.0000000000000000        1.0000000000000000        9.9999999999999995E-007   0.0000000000000000     
          10   1.0000000000000000        2.0000000000000000        9.9999999999999995E-007  0.36714285612106323     
          10   1.0000000000000000        4.0000000000000000        9.9999999999999995E-007  0.57857143878936768     
          10   1.0000000000000000        8.0000000000000000        9.9999999999999995E-007  0.59714287519454956     
          10   1.0000000000000000        16.000000000000000        9.9999999999999995E-007  0.63999998569488525     
          10   1.0000000000000000        32.000000000000000        9.9999999999999995E-007  0.62142854928970337     
          10   1.0000000000000000        64.000000000000000        9.9999999999999995E-007  0.58428573608398438     
          10   1.0000000000000000        128.00000000000000        9.9999999999999995E-007  0.61571431159973145     
          10   1.0000000000000000        1.0000000000000000        9.9999999999999991E-006   0.0000000000000000     
          10   1.0000000000000000        2.0000000000000000        9.9999999999999991E-006  0.34999999403953552     
          10   1.0000000000000000        4.0000000000000000        9.9999999999999991E-006  0.59857141971588135     
          10   1.0000000000000000        8.0000000000000000        9.9999999999999991E-006  0.59142857789993286     
          10   1.0000000000000000        16.000000000000000        9.9999999999999991E-006  0.58857142925262451     
          10   1.0000000000000000        32.000000000000000        9.9999999999999991E-006  0.60571426153182983     
          10   1.0000000000000000        64.000000000000000        9.9999999999999991E-006  0.61285716295242310     
          10   1.0000000000000000        128.00000000000000        9.9999999999999991E-006  0.59428572654724121     
          10   1.0000000000000000        1.0000000000000000        9.9999999999999991E-005   0.0000000000000000     
          10   1.0000000000000000        2.0000000000000000        9.9999999999999991E-005  0.35857143998146057     
          10   1.0000000000000000        4.0000000000000000        9.9999999999999991E-005  0.57142859697341919     
          10   1.0000000000000000        8.0000000000000000        9.9999999999999991E-005  0.60714286565780640     
          10   1.0000000000000000        16.000000000000000        9.9999999999999991E-005  0.59714287519454956     
          10   1.0000000000000000        32.000000000000000        9.9999999999999991E-005  0.58714288473129272     
          10   1.0000000000000000        64.000000000000000        9.9999999999999991E-005  0.63571429252624512     
          10   1.0000000000000000        128.00000000000000        9.9999999999999991E-005  0.62000000476837158     
          10   1.0000000000000000        1.0000000000000000        1.0000000000000000E-003   0.0000000000000000     
          10   1.0000000000000000        2.0000000000000000        1.0000000000000000E-003  0.37000000476837158     
          10   1.0000000000000000        4.0000000000000000        1.0000000000000000E-003  0.57428568601608276     
          10   1.0000000000000000        8.0000000000000000        1.0000000000000000E-003  0.60285717248916626     
          10   1.0000000000000000        16.000000000000000        1.0000000000000000E-003  0.58857142925262451     
          10   1.0000000000000000        32.000000000000000        1.0000000000000000E-003  0.62000000476837158     
          10   1.0000000000000000        64.000000000000000        1.0000000000000000E-003  0.62857145071029663     
          10   1.0000000000000000        128.00000000000000        1.0000000000000000E-003  0.59857141971588135     
          10   1.0000000000000000        1.0000000000000000        1.0000000000000000E-002   0.0000000000000000     
          10   1.0000000000000000        2.0000000000000000        1.0000000000000000E-002  0.38999998569488525     
          10   1.0000000000000000        4.0000000000000000        1.0000000000000000E-002  0.60000002384185791     
          10   1.0000000000000000        8.0000000000000000        1.0000000000000000E-002  0.62571430206298828     
          10   1.0000000000000000        16.000000000000000        1.0000000000000000E-002  0.60142856836318970     
          10   1.0000000000000000        32.000000000000000        1.0000000000000000E-002  0.60285717248916626     
          10   1.0000000000000000        64.000000000000000        1.0000000000000000E-002  0.61285716295242310     
          10   1.0000000000000000        128.00000000000000        1.0000000000000000E-002  0.63285714387893677     
          10   1.0000000000000000        1.0000000000000000       0.10000000000000001        0.0000000000000000     
          10   1.0000000000000000        2.0000000000000000       0.10000000000000001       0.53428572416305542     
          10   1.0000000000000000        4.0000000000000000       0.10000000000000001       0.61857140064239502     
          10   1.0000000000000000        8.0000000000000000       0.10000000000000001       0.62999999523162842     
          10   1.0000000000000000        16.000000000000000       0.10000000000000001       0.60428571701049805     
          10   1.0000000000000000        32.000000000000000       0.10000000000000001       0.61571431159973145     
          10   1.0000000000000000        64.000000000000000       0.10000000000000001       0.61285716295242310     
          10   1.0000000000000000        128.00000000000000       0.10000000000000001       0.58714288473129272     
