 49 4.9 0.
 48 4.8 0.
 47 4.7 0.
 46 4.6 0.
 45 4.5 0.
 44 4.4 0.
 43 4.3 0.
 42 4.2 0.
 41 4.1 0.
 40 4. 0.
 39 3.9 0.
 38 3.8 0.
 37 3.7 0.
 36 3.6 0.
 35 3.5 0.
 34 3.4 0.
 33 3.3 0.
 32 3.2 0.
 31 3.1 0.
 30 3. 0.
 29 2.9 0.
 28 2.8 0.
 27 2.7 0.
 26 2.6 0.
 25 2.5 0.
 24 2.4 0.
 23 2.3 0.
 22 2.2 0.
 21 2.1 0.0022222222222222222
 20 2. 0.017777777777777778
 19 1.9 0.06777777777777778
 18 1.8 0.13111111111111112
 17 1.7 0.17
 16 1.6 0.23777777777777778
 15 1.5 0.31777777777777777
 14 1.4 0.3522222222222222
 13 1.3 0.42777777777777776
 12 1.2 0.4711111111111111
 11 1.1 0.5555555555555556
 10 1. 0.5844444444444444
 9 0.9 0.6955555555555556
 8 0.8 0.7266666666666667
 7 0.7 0.7866666666666666
 6 0.6 0.84
 5 0.5 0.9088888888888889
 4 0.4 0.91
 3 0.3 0.9611111111111111
 2 0.2 0.9833333333333333
 1 0.1 0.9955555555555555
 0 0. 1.
