   1.0000000000000000                1           0   1.5000000000000000     
   1.0000000000000000                2           0   1.5000000000000000     
   1.0000000000000000                3           0   1.5000000000000000     
   1.0000000000000000                4           0   1.5000000000000000     
   1.0000000000000000                5           0   1.5000000000000000     
   1.0000000000000000                6           0   1.5000000000000000     
   1.0000000000000000                7           0   1.5000000000000000     
   1.0000000000000000                8           0   1.5000000000000000     
   1.0000000000000000                9           0   1.5000000000000000     
   1.0000000000000000               10           0   1.5000000000000000     
   1.0000000000000000               11           0   1.5000000000000000     
   1.0000000000000000               12           0   1.5000000000000000     
   1.0000000000000000               13           0   1.5000000000000000     
   1.0000000000000000               14           0   1.5000000000000000     
   1.0000000000000000               15           0   1.5000000000000000     
   1.0000000000000000               16           0   1.5000000000000000     
   1.0000000000000000               17           0   1.5000000000000000     
   1.0000000000000000               18           0   1.5000000000000000     
   1.0000000000000000               19           0   1.5000000000000000     
   1.0000000000000000               20           0   1.5000000000000000     
   1.0000000000000000                1           0   3.0000000000000000     
   1.0000000000000000                2           0   3.0000000000000000     
   1.0000000000000000                3           1   3.0000000000000000     
   1.0000000000000000                4           1   3.0000000000000000     
   1.0000000000000000                5           2   3.0000000000000000     
   1.0000000000000000                6           3   3.0000000000000000     
   1.0000000000000000                7           4   3.0000000000000000     
   1.0000000000000000                8           4   3.0000000000000000     
   1.0000000000000000                9           4   3.0000000000000000     
   1.0000000000000000               10           4   3.0000000000000000     
   1.0000000000000000               11           4   3.0000000000000000     
   1.0000000000000000               12           5   3.0000000000000000     
   1.0000000000000000               13           6   3.0000000000000000     
   1.0000000000000000               14           7   3.0000000000000000     
   1.0000000000000000               15           7   3.0000000000000000     
   1.0000000000000000               16           7   3.0000000000000000     
   1.0000000000000000               17           7   3.0000000000000000     
   1.0000000000000000               18           7   3.0000000000000000     
   1.0000000000000000               19           8   3.0000000000000000     
   1.0000000000000000               20           8   3.0000000000000000     
   1.0000000000000000                1           0   6.0000000000000000     
   1.0000000000000000                2           1   6.0000000000000000     
   1.0000000000000000                3           2   6.0000000000000000     
   1.0000000000000000                4           2   6.0000000000000000     
   1.0000000000000000                5           3   6.0000000000000000     
   1.0000000000000000                6           3   6.0000000000000000     
   1.0000000000000000                7           4   6.0000000000000000     
   1.0000000000000000                8           5   6.0000000000000000     
   1.0000000000000000                9           5   6.0000000000000000     
   1.0000000000000000               10           6   6.0000000000000000     
   1.0000000000000000               11           7   6.0000000000000000     
   1.0000000000000000               12           7   6.0000000000000000     
   1.0000000000000000               13           8   6.0000000000000000     
   1.0000000000000000               14           8   6.0000000000000000     
   1.0000000000000000               15           9   6.0000000000000000     
   1.0000000000000000               16          10   6.0000000000000000     
   1.0000000000000000               17          10   6.0000000000000000     
   1.0000000000000000               18          11   6.0000000000000000     
   1.0000000000000000               19          11   6.0000000000000000     
   1.0000000000000000               20          12   6.0000000000000000     
   1.0000000000000000                1           0   12.000000000000000     
   1.0000000000000000                2           1   12.000000000000000     
   1.0000000000000000                3           1   12.000000000000000     
   1.0000000000000000                4           1   12.000000000000000     
   1.0000000000000000                5           2   12.000000000000000     
   1.0000000000000000                6           2   12.000000000000000     
   1.0000000000000000                7           2   12.000000000000000     
   1.0000000000000000                8           3   12.000000000000000     
   1.0000000000000000                9           3   12.000000000000000     
   1.0000000000000000               10           3   12.000000000000000     
   1.0000000000000000               11           4   12.000000000000000     
   1.0000000000000000               12           5   12.000000000000000     
   1.0000000000000000               13           6   12.000000000000000     
   1.0000000000000000               14           6   12.000000000000000     
   1.0000000000000000               15           7   12.000000000000000     
   1.0000000000000000               16           8   12.000000000000000     
   1.0000000000000000               17           9   12.000000000000000     
   1.0000000000000000               18          10   12.000000000000000     
   1.0000000000000000               19          11   12.000000000000000     
   1.0000000000000000               20          11   12.000000000000000     
   1.0000000000000000                1           1   24.000000000000000     
   1.0000000000000000                2           2   24.000000000000000     
   1.0000000000000000                3           2   24.000000000000000     
   1.0000000000000000                4           3   24.000000000000000     
   1.0000000000000000                5           4   24.000000000000000     
   1.0000000000000000                6           4   24.000000000000000     
   1.0000000000000000                7           4   24.000000000000000     
   1.0000000000000000                8           5   24.000000000000000     
   1.0000000000000000                9           5   24.000000000000000     
   1.0000000000000000               10           6   24.000000000000000     
   1.0000000000000000               11           7   24.000000000000000     
   1.0000000000000000               12           8   24.000000000000000     
   1.0000000000000000               13           8   24.000000000000000     
   1.0000000000000000               14           9   24.000000000000000     
   1.0000000000000000               15          10   24.000000000000000     
   1.0000000000000000               16          11   24.000000000000000     
   1.0000000000000000               17          12   24.000000000000000     
   1.0000000000000000               18          13   24.000000000000000     
   1.0000000000000000               19          14   24.000000000000000     
   1.0000000000000000               20          15   24.000000000000000     
   1.0000000000000000                1           1   48.000000000000000     
   1.0000000000000000                2           1   48.000000000000000     
   1.0000000000000000                3           2   48.000000000000000     
   1.0000000000000000                4           3   48.000000000000000     
   1.0000000000000000                5           3   48.000000000000000     
   1.0000000000000000                6           3   48.000000000000000     
   1.0000000000000000                7           4   48.000000000000000     
   1.0000000000000000                8           4   48.000000000000000     
   1.0000000000000000                9           5   48.000000000000000     
   1.0000000000000000               10           5   48.000000000000000     
   1.0000000000000000               11           5   48.000000000000000     
   1.0000000000000000               12           6   48.000000000000000     
   1.0000000000000000               13           7   48.000000000000000     
   1.0000000000000000               14           8   48.000000000000000     
   1.0000000000000000               15           9   48.000000000000000     
   1.0000000000000000               16          10   48.000000000000000     
   1.0000000000000000               17          11   48.000000000000000     
   1.0000000000000000               18          12   48.000000000000000     
   1.0000000000000000               19          13   48.000000000000000     
   1.0000000000000000               20          13   48.000000000000000     
   1.0000000000000000                1           0   96.000000000000000     
   1.0000000000000000                2           0   96.000000000000000     
   1.0000000000000000                3           1   96.000000000000000     
   1.0000000000000000                4           1   96.000000000000000     
   1.0000000000000000                5           1   96.000000000000000     
   1.0000000000000000                6           2   96.000000000000000     
   1.0000000000000000                7           3   96.000000000000000     
   1.0000000000000000                8           4   96.000000000000000     
   1.0000000000000000                9           5   96.000000000000000     
   1.0000000000000000               10           5   96.000000000000000     
   1.0000000000000000               11           6   96.000000000000000     
   1.0000000000000000               12           7   96.000000000000000     
   1.0000000000000000               13           8   96.000000000000000     
   1.0000000000000000               14           8   96.000000000000000     
   1.0000000000000000               15           9   96.000000000000000     
   1.0000000000000000               16          10   96.000000000000000     
   1.0000000000000000               17          10   96.000000000000000     
   1.0000000000000000               18          11   96.000000000000000     
   1.0000000000000000               19          12   96.000000000000000     
   1.0000000000000000               20          12   96.000000000000000     
