 49 4.9 0.
 48 4.8 0.
 47 4.7 0.
 46 4.6 0.
 45 4.5 0.
 44 4.4 0.
 43 4.3 0.002
 42 4.2 0.002
 41 4.1 0.
 40 4. 0.
 39 3.9 0.004
 38 3.8 0.012
 37 3.7 0.014
 36 3.6 0.022
 35 3.5 0.04
 34 3.4 0.106
 33 3.3 0.158
 32 3.2 0.272
 31 3.1 0.382
 30 3. 0.568
 29 2.9 0.714
 28 2.8 0.892
 27 2.7 0.958
 26 2.6 0.982
 25 2.5 0.996
 24 2.4 1.
 23 2.3 1.
 22 2.2 1.
 21 2.1 1.
 20 2. 1.
 19 1.9 1.
 18 1.8 1.
 17 1.7 1.
 16 1.6 1.
 15 1.5 1.
 14 1.4 1.
 13 1.3 1.
 12 1.2 1.
 11 1.1 1.
 10 1. 1.
 9 0.9 1.
 8 0.8 1.
 7 0.7 1.
 6 0.6 1.
 5 0.5 1.
 4 0.4 1.
 3 0.3 1.
 2 0.2 1.
 1 0.1 1.
 0 0. 1.
