 49 4.9 0.
 48 4.8 0.
 47 4.7 0.
 46 4.6 0.
 45 4.5 0.
 44 4.4 0.
 43 4.3 0.
 42 4.2 0.
 41 4.1 0.
 40 4. 0.
 39 3.9 0.
 38 3.8 0.
 37 3.7 0.
 36 3.6 0.
 35 3.5 0.
 34 3.4 0.
 33 3.3 0.
 32 3.2 0.
 31 3.1 0.
 30 3. 0.
 29 2.9 0.
 28 2.8 0.
 27 2.7 0.
 26 2.6 0.
 25 2.5 0.
 24 2.4 0.
 23 2.3 0.
 22 2.2 0.
 21 2.1 0.
 20 2. 0.
 19 1.9 0.
 18 1.8 0.
 17 1.7 0.0014285714285714286
 16 1.6 0.007142857142857143
 15 1.5 0.015714285714285715
 14 1.4 0.05857142857142857
 13 1.3 0.10571428571428572
 12 1.2 0.3142857142857143
 11 1.1 0.56
 10 1. 0.8614285714285714
 9 0.9 0.9685714285714285
 8 0.8 1.
 7 0.7 1.
 6 0.6 1.
 5 0.5 1.
 4 0.4 1.
 3 0.3 1.
 2 0.2 1.
 1 0.1 1.
 0 0. 1.
